mgc_rve_context_lcv "GROUP__1_PROJECT" "OneBitFA" "layout" 1000
mgc_rve_highlight_index 0 "Gnd" "#00000000FFFF"
mgc_rve_layer "NDiff"
mr -1.095 28.04 -0.545 29.54
mr -0.995 9.14 -0.445 10.64
mr 0.27 43.47 0.82 44.97
mr 4.05 19.43 4.7 20.93
mr 4.15 0.53 4.8 2.03
mr 6.215 45.595 7.715 46.145
mr 7.105 28.04 7.655 29.54
mr 7.205 9.14 7.755 10.64
mr 10.39 47.96 10.94 49.46
mr 11.44 43.165 12.09 44.665
mr 14.835 3.14 15.385 4.64
mr 15.885 -0.455 16.535 1.045
mr 16.12 21.99 16.67 23.49
mr 17.17 18.395 17.82 19.895
mr 20.71 43.22 21.26 44.72
mr 21.885 9.33 22.535 10.83
mr 24.935 15.125 25.485 16.625
mr 24.975 19.265 25.525 20.765
mr 26.655 45.345 28.155 45.895
mr 30.085 9.33 30.735 10.83
mr 30.83 47.71 31.38 49.21
mr 31.88 42.915 32.53 44.415
mr 33.63 16.755 34.18 18.255
mr 34.68 13.16 35.33 14.66
mgc_rve_layer "NWell"
mr -1.845 27.29 2.255 30.29
mr -1.745 8.39 2.355 11.39
mr -0.48 42.72 3.62 45.72
mr 5.465 42.795 8.465 46.895
mr 6.355 27.29 10.455 30.29
mr 6.455 8.39 10.555 11.39
mr 9.64 47.21 13.74 50.21
mr 14.085 2.39 18.185 5.39
mr 15.37 21.24 19.47 24.24
mr 19.96 42.47 24.06 45.47
mr 24.185 14.375 28.285 17.375
mr 24.225 18.515 28.325 21.515
mr 25.905 42.545 28.905 46.645
mr 30.08 46.96 34.18 49.96
mr 32.88 16.005 36.98 19.005
mgc_rve_layer "NWellWire"
mr -1.845 27.29 2.255 30.29
mr -1.745 8.39 2.355 11.39
mr -0.48 42.72 3.62 45.72
mr 5.465 42.795 8.465 46.895
mr 6.355 27.29 10.455 30.29
mr 6.455 8.39 10.555 11.39
mr 9.64 47.21 13.74 50.21
mr 14.085 2.39 18.185 5.39
mr 15.37 21.24 19.47 24.24
mr 19.96 42.47 24.06 45.47
mr 24.185 14.375 28.285 17.375
mr 24.225 18.515 28.325 21.515
mr 25.905 42.545 28.905 46.645
mr 30.08 46.96 34.18 49.96
mr 32.88 16.005 36.98 19.005
mgc_rve_layer "DeepNWellWire"
mr -1.845 27.29 2.255 30.29
mr -1.745 8.39 2.355 11.39
mr -0.48 42.72 3.62 45.72
mr 5.465 42.795 8.465 46.895
mr 6.355 27.29 10.455 30.29
mr 6.455 8.39 10.555 11.39
mr 9.64 47.21 13.74 50.21
mr 14.085 2.39 18.185 5.39
mr 15.37 21.24 19.47 24.24
mr 19.96 42.47 24.06 45.47
mr 24.185 14.375 28.285 17.375
mr 24.225 18.515 28.325 21.515
mr 25.905 42.545 28.905 46.645
mr 30.08 46.96 34.18 49.96
mr 32.88 16.005 36.98 19.005
mgc_rve_layer "PDiff"
mr -0.045 28.04 0.605 29.54
mr 0.055 9.14 0.705 10.64
mr 0.27 39.445 0.82 40.945
mr 3 19.43 3.55 20.93
mr 3.01 23.64 3.56 25.14
mr 3.1 0.53 3.65 2.03
mr 3.11 4.74 3.66 6.24
mr 6.215 39.335 7.715 39.885
mr 8.155 28.04 8.805 29.54
mr 8.255 9.14 8.905 10.64
mr 10.39 43.165 10.94 44.665
mr 11.44 47.96 12.09 49.46
mr 14.835 -0.455 15.385 1.045
mr 15.885 3.14 16.535 4.64
mr 16.12 18.395 16.67 19.895
mr 17.17 21.99 17.82 23.49
mr 20.71 39.195 21.26 40.695
mr 20.835 9.33 21.385 10.83
mr 26.025 19.265 26.675 20.765
mr 26.655 39.085 28.155 39.635
mr 29.035 9.33 29.585 10.83
mr 30.83 42.915 31.38 44.415
mr 31.88 47.71 32.53 49.21
mr 33.63 13.16 34.18 14.66
mr 34.68 16.755 35.33 18.255
mgc_rve_layer "Substrate"
mp 94 -7.055 -5.205 37.285 -5.205 37.285 55.23 36.98 55.23 36.98 16.005 32.88 16.005 32.88 19.005 36.98 19.005 36.98 55.23 34.18 55.23 34.18 46.96 30.08 46.96 30.08 49.96 34.18 49.96 34.18 55.23 28.905 55.23 28.905 42.545 28.325 42.545 28.325 18.515 28.285 18.515 28.285 14.375 24.185 14.375 24.185 17.375 28.285 17.375 28.285 18.515 24.225 18.515 24.225 21.515 28.325 21.515 28.325 42.545 25.905 42.545 25.905 46.645 28.905 46.645 28.905 55.23 24.06 55.23 24.06 42.47 19.96 42.47 19.96 45.47 24.06 45.47 24.06 55.23 19.47 55.23 19.47 21.24 18.185 21.24 18.185 2.39 14.085 2.39 14.085 5.39 18.185 5.39 18.185 21.24 15.37 21.24 15.37 24.24 19.47 24.24 19.47 55.23 13.74 55.23 13.74 47.21 10.555 47.21 10.555 8.39 6.455 8.39 6.455 11.39 10.555 11.39 10.555 47.21 10.455 47.21 10.455 27.29 6.355 27.29 6.355 30.29 10.455 30.29 10.455 47.21 9.64 47.21 9.64 50.21 13.74 50.21 13.74 55.23 8.465 55.23 8.465 42.795 5.465 42.795 5.465 46.895 8.465 46.895 8.465 55.23 3.62 55.23 3.62 42.72 2.355 42.72 2.355 8.39 -1.745 8.39 -1.745 11.39 2.355 11.39 2.355 42.72 2.255 42.72 2.255 27.29 -1.845 27.29 -1.845 30.29 2.255 30.29 2.255 42.72 -0.48 42.72 -0.48 45.72 3.62 45.72 3.62 55.23 -7.055 55.23
mgc_rve_layer "ChipSubstrate"
mr -7.055 -5.205 37.285 55.23
mgc_rve_layer "Metal1"
mr -5.915 17.06 -5.265 17.71
mp 16 6.265 45.645 7.22 45.645 7.22 45.635 7.655 45.635 7.655 45.645 7.665 45.645 7.665 46.095 7.655 46.095 7.655 47.1 7.785 47.1 7.785 47.75 7.135 47.75 7.135 47.1 7.22 47.1 7.22 46.095 6.265 46.095
mp 40 -1.165 33.86 -1.075 33.86 -1.075 32.455 -1.065 32.455 -1.065 28.99 -1.045 28.99 -1.045 28.09 -0.595 28.09 -0.595 28.99 -0.59 28.99 -0.59 32.455 -0.545 32.455 -0.545 32.47 -0.005 32.47 -0.005 29.045 0.005 29.045 0.005 28.09 0.455 28.09 0.455 29.49 0.45 29.49 0.45 32.47 0.455 32.47 0.455 32.475 7.145 32.475 7.145 29.06 7.155 29.06 7.155 28.09 7.605 28.09 7.605 29.06 7.63 29.06 7.63 32.475 8.205 32.475 8.205 28.09 8.655 28.09 8.655 32.985 -0.545 32.985 -0.545 33.86 -0.515 33.86 -0.515 34.51 -1.165 34.51
mp 40 -3.295 13.5 -2.645 13.5 -2.645 13.565 -0.965 13.565 -0.965 10.09 -0.945 10.09 -0.945 9.19 -0.495 9.19 -0.495 10.09 -0.49 10.09 -0.49 13.565 -0.44 13.565 -0.44 13.57 0.095 13.57 0.095 10.145 0.105 10.145 0.105 9.19 0.555 9.19 0.555 10.59 0.55 10.59 0.55 13.57 0.555 13.57 0.555 13.575 7.245 13.575 7.245 10.16 7.255 10.16 7.255 9.19 7.705 9.19 7.705 10.16 7.73 10.16 7.73 13.575 8.305 13.575 8.305 9.19 8.755 9.19 8.755 14.085 -0.44 14.085 -0.44 14.115 -2.645 14.115 -2.645 14.15 -3.295 14.15
mp 10 0.32 36.13 11.4 36.13 11.4 36.05 12.05 36.05 12.05 36.7 11.4 36.7 11.4 36.645 0.77 36.645 0.77 40.895 0.32 40.895
mp 32 6.265 39.385 7.23 39.385 7.23 39.38 11.48 39.38 11.48 38.79 11.395 38.79 11.395 38.14 12.045 38.14 12.045 38.79 11.935 38.79 11.935 39.38 11.945 39.38 11.945 39.845 11.935 39.845 11.935 43.215 11.94 43.215 11.94 44.615 11.49 44.615 11.49 43.685 11.48 43.685 11.48 42.26 10.89 42.26 10.89 44.615 10.44 44.615 10.44 43.68 10.425 43.68 10.425 41.83 11.48 41.83 11.48 39.845 7.23 39.845 7.23 39.835 6.265 39.835
mp 44 -1.16 17.11 -1.13 17.11 -1.13 17.04 -0.48 17.04 -0.48 17.11 16.17 17.11 16.17 17.105 17.67 17.105 17.67 19.845 17.22 19.845 17.22 17.63 16.62 17.63 16.62 19.845 16.17 19.845 16.17 17.645 14.94 17.645 14.94 18.43 14.955 18.43 14.955 19.08 14.305 19.08 14.305 19.045 14.295 19.045 14.295 17.645 4.55 17.645 4.55 20.88 4.1 20.88 4.1 17.645 3.495 17.645 3.495 19.48 3.5 19.48 3.5 20.44 3.51 20.44 3.51 25.09 3.06 25.09 3.06 24.07 3.055 24.07 3.055 20.88 3.05 20.88 3.05 17.645 -0.48 17.645 -0.48 17.69 -1.13 17.69 -1.13 17.645 -1.16 17.645
mp 26 14.88 4.04 14.885 4.04 14.885 3.19 15.335 3.19 15.335 4.04 15.345 4.04 15.345 6.11 15.93 6.11 15.93 4.075 15.935 4.075 15.935 3.19 16.385 3.19 16.385 6.095 20.005 6.095 20.005 6.675 19.995 6.675 19.995 18.64 20.02 18.64 20.02 19.29 19.37 19.29 19.37 19.28 19.33 19.28 19.33 6.675 15.95 6.675 15.95 6.67 14.88 6.67
mp 16 26.705 45.395 27.66 45.395 27.66 45.385 28.095 45.385 28.095 45.395 28.105 45.395 28.105 45.845 28.095 45.845 28.095 46.85 28.225 46.85 28.225 47.5 27.575 47.5 27.575 46.85 27.66 46.85 27.66 45.845 26.705 45.845
mp 38 20.83 7.88 24.83 7.88 24.83 3.685 24.825 3.685 24.825 3.035 24.83 3.035 24.83 2.995 25.48 2.995 25.48 7.88 30.59 7.88 30.59 9.81 30.585 9.81 30.585 10.78 30.135 10.78 30.135 9.38 30.145 9.38 30.145 8.35 29.605 8.35 29.605 9.78 29.535 9.78 29.535 10.78 29.085 10.78 29.085 9.78 29.025 9.78 29.025 8.35 22.39 8.35 22.39 9.795 22.385 9.795 22.385 10.78 21.935 10.78 21.935 8.34 21.37 8.34 21.37 9.81 21.335 9.81 21.335 10.78 20.885 10.78 20.885 9.81 20.83 9.81
mp 32 26.705 39.135 27.67 39.135 27.67 39.13 31.92 39.13 31.92 38.54 31.835 38.54 31.835 37.89 32.485 37.89 32.485 38.54 32.375 38.54 32.375 39.13 32.385 39.13 32.385 39.595 32.375 39.595 32.375 42.965 32.38 42.965 32.38 44.365 31.93 44.365 31.93 43.435 31.92 43.435 31.92 42.01 31.33 42.01 31.33 44.365 30.88 44.365 30.88 43.43 30.865 43.43 30.865 41.58 31.92 41.58 31.92 39.595 27.67 39.595 27.67 39.585 26.705 39.585
mp 16 14.325 26.5 32.475 26.5 32.475 35.8 32.49 35.8 32.49 36.45 31.84 36.45 31.84 36.425 31.835 36.425 31.835 36.395 21.21 36.395 21.21 40.645 20.76 40.645 20.76 35.88 31.835 35.88 31.835 27.205 14.325 27.205
mp 210 -7.055 -5.19 -7.045 -5.19 -7.045 -5.205 35.18 -5.205 35.18 14.61 34.73 14.61 34.73 12.395 34.13 12.395 34.13 14.61 33.68 14.61 33.68 11.87 34.735 11.87 34.735 -4.635 25.49 -4.635 25.49 0.87 24.825 0.87 24.825 0.86 24.82 0.86 24.82 0.21 24.825 0.21 24.825 -4.635 15.925 -4.635 15.925 -1.745 16.385 -1.745 16.385 0.995 15.935 0.995 15.935 -1.22 15.335 -1.22 15.335 0.995 14.885 0.995 14.885 -1.745 15.37 -1.745 15.37 -4.635 4.235 -4.635 4.235 -1.75 4.645 -1.75 4.645 -1.745 4.65 -1.745 4.65 1.98 4.2 1.98 4.2 -1.27 3.595 -1.27 3.595 0.58 3.6 0.58 3.6 1.54 3.61 1.54 3.61 6.19 3.16 6.19 3.16 5.17 3.155 5.17 3.155 1.98 3.15 1.98 3.15 -1.745 3.155 -1.745 3.155 -1.75 3.625 -1.75 3.625 -4.635 -6.375 -4.635 -6.375 13.49 -6.36 13.49 -6.36 14.14 -6.375 14.14 -6.375 54.52 7.19 54.52 7.19 51.685 0.31 51.685 0.31 44.525 0.32 44.525 0.32 43.52 0.77 43.52 0.77 44.525 0.775 44.525 0.775 51.13 7.185 51.13 7.185 49.79 7.11 49.79 7.11 49.14 7.76 49.14 7.76 49.79 7.71 49.79 7.71 51.13 10.43 51.13 10.43 48.985 10.44 48.985 10.44 48.01 10.89 48.01 10.89 49.41 10.87 49.41 10.87 51.13 11.49 51.13 11.49 48.01 11.94 48.01 11.94 48.995 11.945 48.995 11.945 51.685 7.72 51.685 7.72 54.52 31.91 54.52 31.91 51.435 20.75 51.435 20.75 44.275 20.76 44.275 20.76 43.27 21.21 43.27 21.21 44.275 21.215 44.275 21.215 50.88 27.625 50.88 27.625 49.54 27.55 49.54 27.55 48.89 28.2 48.89 28.2 49.54 28.15 49.54 28.15 50.88 30.87 50.88 30.87 48.735 30.88 48.735 30.88 47.76 31.33 47.76 31.33 49.16 31.31 49.16 31.31 50.88 31.93 50.88 31.93 47.76 32.38 47.76 32.38 48.745 32.385 48.745 32.385 50.895 32.425 50.895 32.425 54.52 36.625 54.52 36.625 25.525 17.035 25.525 17.035 25.52 16.165 25.52 16.165 22.89 16.17 22.89 16.17 22.04 16.62 22.04 16.62 22.89 16.63 22.89 16.63 24.96 17.035 24.96 17.035 24.95 17.215 24.95 17.215 22.925 17.22 22.925 17.22 22.04 17.67 22.04 17.67 24.95 19.36 24.95 19.36 21.98 19.33 21.98 19.33 21.33 19.98 21.33 19.98 21.98 19.96 21.98 19.96 24.95 26.05 24.95 26.05 23.635 26.075 23.635 26.075 22.015 25.01 22.015 25.01 20.235 25.025 20.235 25.025 19.73 24.98 19.73 24.98 15.835 24.985 15.835 24.985 15.175 25.435 15.175 25.435 15.835 25.48 15.835 25.48 19.73 25.475 19.73 25.475 21.505 26.075 21.505 26.075 19.315 26.525 19.315 26.525 20.31 26.53 20.31 26.53 23.635 26.585 23.635 26.585 23.65 34.705 23.65 34.705 20.285 33.675 20.285 33.675 17.655 33.68 17.655 33.68 16.805 34.13 16.805 34.13 17.655 34.14 17.655 34.14 19.725 34.725 19.725 34.725 17.69 34.73 17.69 34.73 16.805 35.18 16.805 35.18 19.74 35.19 19.74 35.19 24.19 26.585 24.19 26.585 24.95 37.285 24.95 37.285 55.23 -7.04 55.23 -7.04 55.225 -7.055 55.225
mgc_rve_layer "Metal2"
mp 12 -7.01 13.49 -6.36 13.49 -6.36 13.525 -3.295 13.525 -3.295 13.5 -2.645 13.5 -2.645 14.15 -3.295 14.15 -3.295 14.105 -6.36 14.105 -6.36 14.14 -7.01 14.14
mp 12 -7.05 33.835 -6.4 33.835 -6.4 33.865 -1.165 33.865 -1.165 33.86 -0.515 33.86 -0.515 34.51 -1.165 34.51 -1.165 34.5 -7.04 34.5 -7.04 34.485 -7.05 34.485
mp 16 -5.92 17.085 -5.915 17.085 -5.915 17.06 -5.265 17.06 -5.265 17.085 -1.13 17.085 -1.13 17.04 -0.48 17.04 -0.48 17.69 -1.13 17.69 -1.13 17.665 -5.265 17.665 -5.265 17.71 -5.915 17.71 -5.915 17.665 -5.92 17.665
mp 12 7.11 49.14 7.185 49.14 7.185 47.75 7.135 47.75 7.135 47.1 7.785 47.1 7.785 47.75 7.67 47.75 7.67 49.14 7.76 49.14 7.76 49.79 7.11 49.79
mp 10 11.395 36.08 11.4 36.08 11.4 36.05 12.05 36.05 12.05 36.7 12.02 36.7 12.02 38.14 12.045 38.14 12.045 38.79 11.395 38.79
mp 12 14.3 18.435 14.305 18.435 14.305 18.43 14.955 18.43 14.955 19.08 14.945 19.08 14.945 26.53 14.975 26.53 14.975 27.18 14.945 27.18 14.945 27.19 14.3 27.19
mp 10 19.33 21.33 19.35 21.33 19.35 18.64 20.02 18.64 20.02 19.29 19.98 19.29 19.98 21.985 19.35 21.985 19.35 21.98 19.33 21.98
mp 16 24.82 0.21 25.47 0.21 25.47 0.86 25.46 0.86 25.46 3.035 25.475 3.035 25.475 3.685 25.46 3.685 25.46 3.69 24.835 3.69 24.835 3.685 24.825 3.685 24.825 3.035 24.835 3.035 24.835 0.86 24.82 0.86
mp 12 27.55 48.89 27.625 48.89 27.625 47.5 27.575 47.5 27.575 46.85 28.225 46.85 28.225 47.5 28.11 47.5 28.11 48.89 28.2 48.89 28.2 49.54 27.55 49.54
mp 10 31.835 35.83 31.84 35.83 31.84 35.8 32.49 35.8 32.49 36.45 32.46 36.45 32.46 37.89 32.485 37.89 32.485 38.54 31.835 38.54
mgc_rve_layer "pcoll"
mr -0.045 28.04 0.605 29.54
mr 0.055 9.14 0.705 10.64
mr 0.27 39.445 0.82 40.945
mr 3 19.43 3.55 20.93
mr 3.01 23.64 3.56 25.14
mr 3.1 0.53 3.65 2.03
mr 3.11 4.74 3.66 6.24
mr 6.215 39.335 7.715 39.885
mr 8.155 28.04 8.805 29.54
mr 8.255 9.14 8.905 10.64
mr 10.39 43.165 10.94 44.665
mr 11.44 47.96 12.09 49.46
mr 14.835 -0.455 15.385 1.045
mr 15.885 3.14 16.535 4.64
mr 16.12 18.395 16.67 19.895
mr 17.17 21.99 17.82 23.49
mr 20.71 39.195 21.26 40.695
mr 20.835 9.33 21.385 10.83
mr 26.025 19.265 26.675 20.765
mr 26.655 39.085 28.155 39.635
mr 29.035 9.33 29.585 10.83
mr 30.83 42.915 31.38 44.415
mr 31.88 47.71 32.53 49.21
mr 33.63 13.16 34.18 14.66
mr 34.68 16.755 35.33 18.255
mgc_rve_zoom -16.556 -18.155 46.786 68.18 1
